2023-01-03T14:21:09.00000 -4068790.9009072506 -5854638.09684865 -157546.3974678845 -1412.350370142649 793.0611670136079 7396.0204940760395
2023-01-03T14:21:19.00000 -4082685.404401117 -5846376.85649058 -83578.87959621595 -1366.509117081948 859.1613883382139 7397.35020326244
2023-01-03T14:21:29.00000 -4096120.2529026493 -5837455.401027409 -9602.145399636449 -1320.4202266388909 925.1029289217265 7397.863734708695
2023-01-03T14:21:39.00000 -4109092.9966275753 -5827875.355589654 64375.642680131175 -1274.0890232893116 990.8781282973218 7397.560970339528
2023-01-03T14:21:49.00000 -4121601.239232442 -5817638.421788033 138346.3214850321 -1227.5208704931913 1056.4793512317062 7396.441885067954
2023-01-03T14:21:59.00000 -4133642.6382011203 -5806746.377455956 212301.72807049527 -1180.7211700363855 1121.8989887092027 7394.506546829757
2023-01-03T14:22:09.00000 -4145214.905228363 -5795201.076386861 286233.7006414636 -1133.6953612277905 1187.1294591349363 7391.755116862469
2023-01-03T14:22:19.00000 -4156315.806580762 -5783004.448041838 360134.0794648736 -1086.448920636437 1252.163208639342 7388.187848922919
2023-01-03T14:22:29.00000 -4166943.1634739274 -5770158.497276335 433994.70781745116 -1038.987361000223 1316.9927127108183 7383.805090037879
2023-01-03T14:22:39.00000 -4177094.85242924 -5756665.304040207 507807.43291334657 -991.316230586328 1381.6104770689078 7378.607280350906
2023-01-03T14:22:49.00000 -4186768.805625253 -5742527.02307026 581564.1068345518 -943.4411124673695 1446.0090386496333 7372.59495308022
2023-01-03T14:22:59.00000 -4195963.011242143 -5727745.883573368 655256.5874615454 -895.3676237681589 1510.1809666126744 7365.768734481611
2023-01-03T14:23:09.00000 -4204675.513793652 -5712324.1888926225 728876.7394021156 -847.1014148874277 1574.1188632617775 7358.129343442166
2023-01-03T14:23:19.00000 -4212904.414471599 -5696264.316192334 802416.434923766 -798.6481687670465 1637.815365281732 7349.677592449129
2023-01-03T14:23:29.00000 -4220647.871452852 -5679568.716090969 875867.5548781296 -750.0136000742974 1701.2631444783617 7340.414386460979
